	A	R	N	D	C	Q	E	G	H	I	L	K	M	F	P	S	T	W	Y	V
A -1.089601890965000042e+00 2.378012751299999825e-02 1.161998918600000083e-02 2.096317948799999997e-02 3.220127970800000516e-02 3.953966869799999811e-02 7.434528237000000150e-02 1.184605354800000038e-01 8.022270589999999993e-03 9.312983309999998266e-03 3.917038529700000299e-02 3.465906280000000811e-02 2.579772728499999529e-02 1.073205970200000019e-02 5.186375004000000344e-02 2.892893568539999793e-01 1.140075897870000132e-01 2.180531321999999890e-03 7.478544644999998887e-03 1.761775668899999980e-01
R 3.361040313799999735e-02 -8.833460017429998201e-01 3.156158280600000060e-02 6.576007608000000206e-03 6.915486287000000357e-03 1.144699854359999824e-01 2.605515641999999951e-02 2.237243870399999862e-02 5.424666535499999415e-02 7.893379586999999670e-03 2.990740168800000084e-02 4.086639282000000262e-01 1.111133648299999881e-02 2.230246043999999789e-03 1.464475332000000213e-02 5.251626674700000247e-02 3.085248026900000093e-02 7.162462062000000268e-03 1.073969819999999985e-02 1.181632338900000072e-02
N 2.188689198799999985e-02 4.206080719800000395e-02 -1.187062077838999974e+00 2.692998567479999994e-01 6.840671616000000566e-03 6.913072178399999601e-02 3.877899523199999920e-02 8.243025136499999850e-02 1.008040154899999957e-01 1.190325197099999927e-02 6.779815587000000490e-03 1.385720387999999914e-01 8.514912803999999738e-03 3.787086549999999809e-03 7.125099480000000006e-03 2.452994845260000334e-01 1.066101818729999900e-01 5.475068160000000047e-04 2.090371387500000039e-02 5.786774136000000061e-03
D 3.124245550400000029e-02 6.934110713999999155e-03 2.130815065730000124e-01 -8.632897985519999429e-01 8.092869720000000090e-04 2.133687706199999951e-02 3.753876778199999875e-01 4.844552206199999322e-02 2.072563347000000097e-02 6.644583299999999148e-04 1.493745156000000126e-03 1.827915140000000230e-02 5.863521480000000044e-04 7.367316319999999861e-04 1.737184224000000096e-02 7.590110917500000887e-02 2.269280182000000048e-02 3.606527400000000133e-04 4.614579584999999561e-03 2.625304149000000017e-03
C 1.968019155440000056e-01 2.990331749099999978e-02 2.219609433600000167e-02 3.318720912000000089e-03 -8.678211094820000859e-01 3.457367735999999480e-03 2.504794139999999840e-04 3.263994730499999997e-02 1.431933876500000001e-02 1.992921243899999778e-02 5.885480756699999760e-02 8.569836000000000597e-04 2.051084967999999842e-02 4.675432780199999944e-02 3.319823280000000574e-03 1.704017001660000086e-01 6.093261876000000132e-02 8.085764448000000437e-03 3.980874545999999597e-02 1.354790947769999865e-01
Q 7.668563900399999467e-02 1.570771814279999790e-01 7.118258170399999196e-02 2.776667407200000132e-02 1.097161095999999976e-03 -1.249535323837999812e+00 2.955493153259999839e-01 1.536396518299999910e-02 1.076059042749999972e-01 4.528386078000000252e-03 5.771042201700000290e-02 2.089353924000000029e-01 3.838713111899999531e-02 1.516738209999999925e-03 2.749390776000000189e-02 7.489460211599999195e-02 5.755720703199999899e-02 2.849977133999999964e-03 8.789311079999998985e-03 1.454382680399999954e-02
E 8.211359897000000685e-02 2.036084577000000020e-02 2.273944462399999852e-02 2.781977912400000474e-01 4.526656300000000342e-05 1.683102692969999925e-01 -8.425450013040000075e-01 2.000184043899999944e-02 9.475859754999999690e-03 2.751379604999999728e-03 6.903270512999999664e-03 1.167436342000000155e-01 3.987391984999999819e-03 7.957429220000000010e-04 1.847077235999999845e-02 3.745091168100000284e-02 3.221438941500000264e-02 9.393622320000000582e-04 4.099863734999999697e-03 1.694336599800000051e-02
G 1.633535186400000006e-01 2.182773067199999736e-02 6.034802416499999989e-02 4.482501415199999922e-02 7.364581305000000334e-03 1.092388455299999998e-02 2.497256134199999852e-02 -5.041456487850000112e-01 6.963224819999999822e-03 5.410766849999999002e-04 4.385424141000000484e-03 1.916268560000000329e-02 3.202536637999999804e-03 3.789666971999999714e-03 8.674162440000000862e-03 1.064821680300000045e-01 6.918570932000000367e-03 3.239612405999999899e-03 1.867561244999999892e-03 5.303644046999999966e-03
H 2.837346662799999919e-02 1.357464865409999943e-01 1.892842835259999912e-01 4.918525192800000251e-02 8.286704791000000514e-03 1.962321583349999898e-01 3.034394526600000044e-02 1.785955810799999890e-02 -1.093246453866999923e+00 6.767778474000000176e-03 3.629505467699999793e-02 4.504325440000000319e-02 1.015517487199999944e-02 2.885584397800000298e-02 2.240979804000000492e-02 6.058576436400000403e-02 3.113356919399999645e-02 7.204053563999999674e-03 1.812549152700000110e-01 8.229391911000000226e-03
I 1.184645877999999930e-02 7.104003530999999406e-03 8.038721430999999987e-03 5.671258799999999824e-04 4.147951498999999723e-03 2.970039017999999767e-03 3.168754289999999897e-03 4.991185849999999402e-04 2.434057110000000315e-03 -1.415001896134000070e+00 4.106973834270000179e-01 1.027585739999999949e-02 9.808355425699999408e-02 4.707057755400000099e-02 3.447495240000000415e-03 3.923033684999999680e-03 5.508485009300000124e-02 1.347289559999999926e-03 7.941823064999999071e-03 7.363538017290000015e-01
L 3.125771524200000179e-02 1.688567896800000079e-02 2.872360179000000169e-03 7.998119520000000890e-04 7.684668558999999469e-03 2.374502451899999922e-02 4.987611377999999658e-03 2.537792957000000165e-03 8.189016534999999514e-03 2.576449295189999766e-01 -7.937553314879999267e-01 8.882500000000001505e-03 1.448749284579999852e-01 1.096760569840000005e-01 1.096860240000000104e-02 1.115541753899999995e-02 1.614255063199999951e-02 7.476479712000000041e-03 1.023447744000000048e-02 1.177397085149999995e-01
K 4.242033218800000255e-02 3.538865140470000004e-01 9.004393920599999823e-02 1.501154086800000204e-02 1.716222419999999997e-04 1.318524634979999777e-01 1.293685727220000026e-01 1.700821833199999897e-02 1.558733671999999910e-02 9.887251832999998519e-03 1.362363750000000068e-02 -9.764443458579999957e-01 1.506971840399999943e-02 1.011779235999999901e-03 1.718978088000000168e-02 4.581715355100000192e-02 6.058001868099999881e-02 6.021657959999999555e-04 4.506137459999999366e-03 1.280616269400000097e-02
M 8.887295130999998960e-02 2.708288415299999613e-02 1.557363490800000097e-02 1.355372496000000057e-03 1.156153816000000077e-02 6.818562042299999848e-02 1.243699371000000012e-02 8.000690305999999183e-03 9.891461560000000194e-03 2.656345902989999952e-01 6.254347429979999484e-01 4.241661840000000155e-02 -1.541961389976999719e+00 7.609507960599999621e-02 4.397349959999999683e-03 2.123291111999999967e-02 1.076592430420000024e-01 8.400047549999999433e-03 1.643900642999999995e-02 1.312906535460000024e-01
F 2.005912326600000142e-02 2.949321401999999669e-03 3.757990924999999888e-03 9.239536320000001123e-04 1.429863218700000091e-02 1.461700784999999921e-03 1.346604246000000045e-03 5.136592481999999529e-03 1.524921734500000146e-02 6.916377213900000431e-02 2.568865160520000246e-01 1.545102800000000077e-03 4.128547520300000079e-02 -8.106181028510001108e-01 4.160194560000000236e-03 2.214223734300000204e-02 8.792408286999999975e-03 2.964762198599999940e-02 2.665422728099999805e-01 4.526936540100000295e-02
P 9.311215396599999139e-02 1.860222855300000186e-02 6.791332898999999194e-03 2.092667971200000074e-02 9.752169340000000578e-04 2.545059349799999940e-02 3.002381267399999859e-02 1.129315285699999949e-02 1.137536410500000067e-02 4.865712117000000302e-03 2.467711386000000229e-02 2.521480120000000116e-02 2.291634398999999565e-03 3.996016128000000160e-03 -4.166480295299999637e-01 8.188966400400000956e-02 3.045181531600000061e-02 1.147850645999999976e-03 3.060732014999999542e-03 2.050215464700000031e-02
S 3.737593720119999907e-01 4.800582509100000117e-02 1.682588437660000047e-01 6.579906929999999876e-02 3.602279188600000098e-02 4.989179607599999317e-02 4.380869917799999624e-02 9.976580662999999516e-02 2.213171825999999884e-02 3.984574484999999638e-03 1.806117824700000096e-02 4.836492180000000196e-02 7.963078959999999804e-03 1.530566733799999975e-02 5.893133328000000476e-02 -1.428428380301999923e+00 3.448883310730000429e-01 3.002768892000000182e-03 1.368068278499999860e-02 6.801921243000000165e-03
T 1.691617860659999917e-01 3.238911176700000338e-02 8.398250238299999337e-02 2.259272472000000212e-02 1.479320076000000157e-02 4.403390431199999400e-02 4.327695837000000018e-02 7.444406732000000311e-03 1.306117700999999930e-02 6.425411502299999134e-02 3.001520181599999851e-02 7.344134979999999979e-02 4.636942006599999860e-02 6.979872302000000341e-03 2.516745072000000152e-02 3.960840579630000025e-01 -1.234447694840999921e+00 1.699194450000000162e-03 8.396699355000000406e-03 1.513045612260000006e-01
W 1.428857032199999828e-02 3.320696918700000166e-02 1.904748352000000056e-03 1.585724280000000127e-03 8.669445935999999311e-03 9.629124632999998962e-03 5.573113271999999979e-03 1.539446846699999913e-02 1.334714216999999953e-02 6.940450619999999175e-03 6.139375819199999890e-02 3.223927600000000334e-03 1.597791242500000083e-02 1.039411325419999921e-01 4.189569239999999667e-03 1.522960781400000026e-02 7.504141775000000569e-03 -4.427540961220000071e-01 1.076502413249999929e-01 1.310404797000000107e-02
Y 1.731221229399999839e-02 1.759008804000000009e-02 2.569097342500000283e-02 7.167696564000000659e-03 1.507848748400000133e-02 1.049081671199999892e-02 8.592968681999999317e-03 3.135129822999999701e-03 1.186342740700000037e-01 1.445293211099999905e-02 2.968942348800000450e-02 8.522807199999999500e-03 1.104645400599999980e-02 3.301206624040000093e-01 3.946556520000000026e-03 2.451227475899999883e-02 1.310012936700000012e-02 3.802979978999999899e-02 -7.143529327500000026e-01 1.723924601099999926e-02
V 2.014498894200000001e-01 9.559589667000000651e-03 3.512971175999999879e-03 2.014225284000000296e-03 2.534734766699999961e-02 8.574604643999998721e-03 1.754100392400000097e-02 4.397805237000000644e-03 2.660535615000000041e-03 6.619165437990000012e-01 1.687096773450000031e-01 1.196404920000000184e-02 4.357747681799999800e-02 2.769440026600000077e-02 1.305790404000000196e-02 6.019887693000000074e-03 1.166003753459999986e-01 2.286627660000000242e-03 8.515285515000000152e-03 -1.335400200315999930e+00
