	A	R	N	D	C	Q	E	G	H	I	L	K	M	F	P	S	T	W	Y	V	-
A	-1.2603289	0.024911068	0.008703393	0.02694004	0.037233427	0.042584304	0.07935159	0.14022306	0.008579188	0.004288332	0.03913164	0.036495242	0.028871473	0.011683773	0.059664156	0.34041047	0.14048977	0.0021444885	0.0077247857	0.21363927	0.0072594755
R	0.03639267	-0.9848629	0.03294917	0.007294665	0.009495974	0.12292714	0.02902484	0.028948875	0.06409377	0.009625886	0.036849316	0.44090188	0.011952992	0.00034298352	0.01713362	0.0581238	0.03605081	0.00816462	0.011742033	0.012262451	0.010585508
N	0.016757024	0.043424144	-1.3219106	0.28970677	0.007705753	0.07698689	0.041259766	0.08861297	0.11129994	0.016679525	0.0042774547	0.15770392	0.011881906	0.0029639117	0.005202943	0.2791801	0.122551434	0.000562007	0.02413008	0.006644085	0.014379938
D	0.041217837	0.0076396023	0.23021694	-0.96433747	0.0005083435	0.026445016	0.40279448	0.05679109	0.025739465	0.00055634306	0.000677962	0.021858014	0.0001526357	2.0848584e-05	0.017121773	0.08311297	0.027999435	0.00036717	0.0068495288	0.0016199094	0.01264818
C	0.2402964	0.041950025	0.025829798	0.0021442953	-1.1160882	0.0058475174	9.417805e-06	0.044365667	0.01926729	0.03324726	0.07033221	2.64428e-05	0.02538466	0.05991657	0.0023583649	0.23052856	0.07384927	0.010053557	0.054026607	0.16140716	0.015247008
Q	0.08684132	0.17159441	0.08154274	0.03524794	0.0018477114	-1.4012274	0.30833966	0.018365432	0.13106991	0.0017466736	0.071355075	0.22996996	0.046788387	0.00036951664	0.034969557	0.07984888	0.059995804	0.003606637	0.010611426	0.017624503	0.009491837
E	0.0933264	0.023366688	0.025203874	0.30963168	1.7162648e-06	0.17782849	-0.9444648	0.026450524	0.010967809	0.0009574886	0.008074823	0.12607911	0.0046788044	2.9147928e-05	0.018462619	0.039995603	0.038061436	0.0008631009	0.004644532	0.025265293	0.010575651
G	0.19735318	0.027889121	0.06477593	0.052241772	0.009675143	0.012675027	0.03165265	-0.6122117	0.008865438	0.001362564	0.0042383876	0.021546839	0.0035547568	0.003609953	0.0075411927	0.12661123	0.005842761	0.00357115	0.0017191073	0.0052084615	0.022277066
H	0.031227713	0.15969387	0.21041687	0.061235964	0.010866768	0.23394841	0.033944152	0.022928175	-1.272425	0.007477499	0.042653475	0.047536492	0.008288146	0.04007701	0.027358586	0.066698834	0.035406545	0.0075504887	0.20378673	0.009833814	0.011495515
I	0.0058008875	0.008913026	0.011718753	0.0004918829	0.0069686333	0.0011586196	0.0011012624	0.0013095989	0.0027788712	-1.7078549	0.47439674	0.013614603	0.12899333	0.057868913	0.0025730662	0.0023612545	0.07683257	0.0010813307	0.009066657	0.89435273	0.0064721103
L	0.032817855	0.021153878	0.0018631988	0.0003716212	0.009139493	0.029344728	0.0057579284	0.0025255627	0.00982749	0.29411542	-0.94694436	0.010264243	0.17438878	0.12992898	0.013686197	0.016968288	0.016973821	0.00923499	0.011160193	0.14809638	0.009325398
K	0.047383673	0.39184368	0.10634732	0.018548815	5.319681e-06	0.14641535	0.13918316	0.01987702	0.016956085	0.013067467	0.015890487	-1.1086227	0.02135236	0.00057199085	0.01690649	0.051470082	0.071809396	0.0006576123	0.0060921754	0.01286037	0.011383795
M	0.104056574	0.029488701	0.022242231	0.00035955865	0.01417613	0.08269167	0.014337935	0.009103026	0.008206613	0.34368598	0.74944025	0.05927261	-1.886624	0.08974354	0.0025318693	0.020329403	0.1395269	0.0099410545	0.018101582	0.16232252	0.0070658335
F	0.023117855	0.00046453255	0.0030459403	2.696212e-05	0.01836949	0.00035852674	4.903693e-05	0.005075061	0.02178541	0.08464547	0.30654082	0.00087168807	0.04926824	-0.9774485	0.003609598	0.031486973	0.007115493	0.034918297	0.32083744	0.05553917	0.010322489
P	0.11771907	0.02313987	0.005331802	0.022079797	0.0007209913	0.03383347	0.030972607	0.010571795	0.014829721	0.003752997	0.032198377	0.025691789	0.0013860344	0.00359938	-0.5141991	0.101493284	0.037122753	0.0011665294	0.002876505	0.02452828	0.021184003
S	0.44425115	0.0519228	0.18923512	0.07089367	0.04661612	0.051099606	0.04438018	0.117401384	0.023913873	0.0022780455	0.026404716	0.051735427	0.0073612174	0.020767877	0.067132	-1.6505909	0.39764348	0.0034094271	0.01581725	0.0032138245	0.015113878
T	0.21409452	0.03760576	0.096999824	0.02788837	0.017437845	0.044833723	0.049317066	0.006326366	0.014823489	0.086556606	0.030843126	0.084284894	0.05899541	0.0054802634	0.028672645	0.46433252	-1.4705262	0.0019260749	0.009356408	0.17877844	0.0119728455
W	0.01477242	0.03849837	0.002010765	0.0016531342	0.010730832	0.012182976	0.005055227	0.017478786	0.014289236	0.0055065607	0.075854644	0.0034890356	0.01900027	0.12156722	0.0040727733	0.017996319	0.008706432	-0.52080846	0.11925627	0.0143573545	0.014329833
Y	0.01897374	0.019741869	0.030783424	0.01099614	0.020561744	0.012780957	0.00969973	0.0030001625	0.13751449	0.016462952	0.032685574	0.011525148	0.012336229	0.39827874	0.003580951	0.029769523	0.015080467	0.042522606	-0.8558117	0.018211199	0.0113060605
V	0.25707376	0.010100257	0.004152441	0.0012740322	0.030094361	0.0103996005	0.0258495	0.004453089	0.0032509076	0.7955719	0.21249022	0.0119189415	0.054194454	0.03377626	0.014959272	0.002963283	0.14116627	0.0025079746	0.008921721	-1.6334519	0.00833369
-	0.049518626	0.04942578	0.050946224	0.056390308	0.016115127	0.031749487	0.061336868	0.107968405	0.021542586	0.032636475	0.075848795	0.059807822	0.013372919	0.035586342	0.073238276	0.07899756	0.053591985	0.01418981	0.031398445	0.047241542	-0.9609034
